65 90 92 95 70 101 98 97 90 85 
0110000000111110000011011100000110011000001000110000110001100001100111000011001100000110010000001111
0000000111000000111100000110010000100011001110001101110001100110001100011001100011001100001111100000
0000001111000001111100011100110001100011001111001101110001100110000100111000110001111110000111100000
0000000111000000111100000100000001110001000110000100110000110110000110111000111011100110001111110000
0111000000011111000001100110000110001000001000110000110011000001000100000110011000001101100000111110
0000000100000011111000001001100001000110001100011000110001100010001100011000110001111110000011110000
0001100000001111100000110111000111001100001000110000111011100011000100001100110000010011100001111100
0000001000000111100000111011000011001100001100010000110001000011000100001100110000110011000001111000
0000011100000011111000011001100011100110001100011000110001100011000100001100110000110011000011111000
0000001100000011111000001001100001100110000100110000110011000011001000001101100000111100000011110000
0000000110000001111100001100110000100110001100011000110011000110001000011001100011101100000111100000
0000100000011111000001100110000010001100001000010000110001100001000110000110001000001100100000011110
0000000111000001111100001100010001100011001110001100110001100110000100111000110011100110001111111000
0011100000011111100001110111000110001100011000111000110001100011000110001110001100011101110000111110
0000000000000000001100000001100000011100000001000000111000110011000110011001100011111110001111100000
0111000000111111000001100110000110001000011000110000110001100001100110000110001100001110110000001111
0000000011000000111100000110010001110011000110011000110001000110001000111001000011011000001111000000
0000001000000011110000001011000001101100000100110000010011000001001100000100100000010110000001110000
0000100000000111100000110110000011001000001100100000110010000001001100000100100000011010000000111100
0000000100000000111100001110110011110011000100001100110001100011001100011000110001101110000111100000
0000111000000111110000110011000011001100001100010000110001000011001100000100110000011011000001111100
0000010000000011110000001111000001100100000100010000110001000011001100001100110000010010000001111000
0000000100000011111000001101100001100110000100011000110001000010001100011001100001100100000111100000
0000000111000001111100001100110001100011001100011000110001100110001100110001100011111100001111000000
0110000000111111000011000110000110001100011000010001110001100011000011000110001100011100110000011111
0000011000000011111000011001100011100110001100011001110001100111001110011000110000110111000011111000
0001110000001111100000110011000010001100001100111000110011100011001110001100011000011011100000111100
0010000000011110000001001100000110011000001000110000110001100001000110000110001000001111110000011111
0000011000000011100000011011000001101100000100110000010011000001001000000100100000010110000001111000
0001100000001111000000110110000011001000000100110000011001000001100110000011011000001111100000011110
0000000110000001111000001100100000100110000110011000110001000010001100011001100001101100000111100000
0000000000000000001100000011000000001000000011001100011001110011001100011001100011011100001111000000
0000000000000000011100000011000000011001000011001100111001100011001100011001100011011100001111000000
0111000000011111000001100110000010001000001100110000110001100001100110000010011000001101100000011110
0001111000001111110000110011000011001110001100011000110001100011000110000110011000011001100000111100
0110000000111110000011001100000110011000011000110000110011100001100010000011001100000110010000001111
0000110000000111110000110011100011000110001100011000110001100011000110001100011000110011100001111100
0011100000001111000001100110000011001100001100010000011001100001100110000011001000000111100000000100
0010000000011110000001111110000110111000001000110000110111100011000110000110011000001100100000011110
0000001100000011111100011000110001100011001100001101100001100110001110111000110011101110000111110000
0000111000000111110000110011000011001100001100110000110001000011001100001100110000110011000001111000
0000011110000011111100111000110011100011001100001101100001110110000110011000111001100011000111111000
0000000110000001111100001110010000110001000110001100110000110011000111001100011000110011000011111000
0000111000000011110000011011000001000100001100010000110001000011000100000100010000011111000000111000
0110000000111110000011001100000110011000001000110000110001000001100110000011001100001110110000001111
0000001000000011110000010001100011000110001100011001110001100111001100011100110000111110000011110000
0001100000000111000000010110000001001000000100100000010011000001001100000110110000011111000000111000
0000001100000011111000011100100011100110011100011001100001100110001100011000110001110111000011111000
0000011110000111111100011001110011000111011100011001110001100110001110011000110001100110000111110000
0100000000011110000001001100000110011000001001100000010011000001100100000010001000000110110000001111
0100000000111100000011100000000110000000001100000000010001000000100010000001001100000011110000000111
0001111000001111110000110011000011000100001100011000110001100011000110000111010000011011000000111100
0000001100000011111000011001100001100110001100011000110011100010001100011000100000111110000011110000
0000000110000001111100001110110001100111000110011000110001100110001100011001100001101100000111110000
0001110000001111100000110010000011001100001100010000110001000011100100000110010000011111000000111100
0001100000001111000001101110000010001000001100110000110001000001000100000110011000001101100000011110
0001100000001111100000110011000011001100001100010000010001100001100110000110011000001101100000011100
0000111000000111111000111001100011000110001100011001110000100111000110001100011000111111100001111100
0000000111000000111100000100110001100110000100010000110011000010001000011001000011111100001111100000
0001100000001111100000110010000011001100000100110000010001000001100100000010110000001111000000001100
0000001000000011110000011111100001000110001100011000110001100010000110011100110000110110000011110000
1110000000111111000011000110000110001100001100011000011000110000110001000001100000000011000000000011
0001100000001111100000110011000010000100011000011001110001100011000110001110011000011111100000111110
0011100000001111100000110010000111001100011100011000111001100001110010000011111000000111100000000110
0000011000000011110000111011000011001100001100111000100011000011001100001000100000100110000011111000
0010000000001100000001111000000000100000000011000000000110000000001100000000010000000001100000000011
0010000000001110000001110000000001100000000011000000000110000000001000000000110000000001100000000011
0000000100000000110000011111000001011000000011000000001100000001110000000110000000110000000011000000
0000001100000001110000011111000000011000000001100000001110000000110000000111000000011000000011100000
0000110000001111000000001110000000010000000001100000000110000000011000000000110000000011000000001100
0000001100000001110000001110000000001000000001100000000110000000110000000011000000111100000000100000
0000001000000001100000001110000000011000000001000000000100000000110000000010000000001000000001100000
0000000100000011110000000111000000011000000001100000001100000000110000000110000000011000000011000000
0000001000000011100000001110000000011000000001000000000100000000110000000011000000001100000000110000
0000001000000001100000011110000000001000000000100000000110000000011000000001100000000110000000011000
0000110000000111000000111100000000111000000001100000000110000000001100000000110000000011000000001100
0000010000000011000000111100000011110000000001000000000110000000011000000000100000000011000000001100
0000011000000001100000011110000001111000000000100000000011000000001100000000110000000011000000001100
0000000001000000011100000111100000000100000000100000000110000000110000000110000000010000000011000000
0000000100000000110000001111000000011000000001000000001100000001100000000110000000110000000010000000
0000000011000000111100000111100000001110000001110000001110000000110000000110000000110000000111000000
0000000110000011111000011111000001111000000001100000001100000001100000001110000000111000000111000000
0001100000000110000000111100000000110000000001000000000100000000001000000000100000000011000000000100
0000000100000000110000001110000001111000000000100000000110000000011000000001100000000110000000010000
0000000100000000110000011110000001111000000001000000001100000000110000000110000000010000000011000000
0000000100000000110000001111000000001100000001100000000100000000110000000011000000011000000001100000
0000001000000111100000001110000000011000000000100000000010000000001000000000100000000010000000001000
0000110000011110000000111000000000010000000001000000000110000000001000000000110000000011000000000100
0001100000001110000000111000000000110000000001000000000110000000001100000000110000000001000000000110
0000011000000011100000011110000000011000000001100000000010000000001000000000110000000011000000001100
0000000001000000111100000111100000001100000001100000001100000001100000001100000000110000000100000000
0000001000000000101100001111100000111100000000110000000110000000110000000110000000110000000110000000
0000000001000001011100000111110000001100000001100000001110000001110000001100000001110000001110000000
0011000000001110000011111000000011110000000001100000000110000000001100000000011000000000110000000001
0001100000000110000000111100000010010000000001100000000111000000001100000000010000000001100000000110
0001100000000110000001111100000000110000000001100000000110000000001000000000110000000011000000000110
0010000000111100000001111000000000110000000001100000000110000000001100000000111000000001100000000111
0000011000000111100000011110000000011000000001100000000110000000011000000001100000000110000000011000
0000110000011111000000111110000000011000000001100000000011000000001100000000110000000001000000000110
0000001000000001110000111110000000111000000001000000001100000000110000000110000000011000000011100000
0000100000000111000000111100000000110000000001100000000110000000011000000000110000000011000000001100
0000011000000011100000011110000000011000000001100000000110000000011000000001100000000110000000001000
0000001100000001110000011111000001011000000001100000001100000000110000000010000000011000000001000000
0001000110000111110000011111000000011100000001100000001100000000110000000110000000011000000011000000
0000000100000001110000011111000000011100000000110000000111000000011100000001110000000110000000111000
0000001100000111110000011111000000001100000000110000000011000000001100000000110000000011000000001100
0001100000001111000000111100000000110000000001100000000110000000001100000000110000000001000000000110
0000001100000001110000111110000010111000000001100000001100000000100000000110000000010000000011000000
0000100000000111000001111100000000110000000001000000000110000000011000000000100000000011000000001100
0000001000000000100000011110000001111000000001100000000100000000110000000010000000001000000001100000
0100000000111000000011111000000000100000000011100000000110000000001100000000011000000000110000000001
0000001000000001110000011110000001011000000001100000001100000000110000000011000000001000000001100000
0000000000000000011100000111110000000011000000011000000011000000011000000111000000111000000111000000
0000011000000001100000011110000000001000000000100000000010000000001000000000100000000010000000001000
0000001100000001110000011110000001011000000001000000001100000000110000000110000000011000000001000000
0000000100000000111000001111000000011000000001000000001100000000100000000110000000110000000011000000
0001100000001110000001111100000000110000000011100000000110000000001100000000110000000011100000000110
0000001100000001100000111110000001111000000001000000001110000000110000000011000000001100000000100000
0000000010000000111000011111100000001100000001100000001100000001110000001110000000110000000111000000
0000000110000001110000011111000001111000000001100000001100000001100000000110000000111000000110000000
0000000001000000111100000011100000001100000001100000001100000001100000001100000001100000001100000000
0000001000000011100000000110000000011000000001000000001100000000110000000111000000011000000001100000
0110000000111100000000011000000000110000000001100000000110000000001100000000011000000001110000000011
0000110000000111000000111100000000011000000001110000000110000000001000000000110000000011000000001100
0000000100000001110000001111000000011100000001100000001100000000110000000110000000011000000011000000
0000110000000011000001111110000011011000000001100000000011000000001100000000110000000011100000000110
0000011000000001100000011110000001111000000001100000000111000000011000000001100000000110000000001000
0000000000000001100000011110000001111000000001100000000100000000010000000001000000001100000000100000
0001100000001110000000111100000000110000000001100000000110000000011100000000110000000011000000000110
0000110000000111000000111100000000110000000001110000001100000000110000000001000000000100000000011000
0000000010000000111000001111000001111000000001100000001100000000110000000110000000011000000011000000
0000000001000000011000000111100000111100000001100000000110000000110000000110000000110000000010000000
0110000000111100000001111000000100011000000000100000000001000000000011000000000100000000000000000000
0000001000000001100000011110000001111000000001100000000110000000011000000011000000000100000000110000
0000011000000111100000011110000000011000000011000000001100000000110000000110000000011000000001100000
0000100000000110000000111100000011110000000001000000000110000000001000000000100000000011000000000100
0000000100000100110000111111000011111100000001110000000110000000011000000011100000001110000000111000
0000001100000001110000011111000000011000000001100000001110000000110000000011000000011000000001100000
0111000000001100000001111000000000100000000011000000000111000000011100000000110000000001100000000010
0000000000000000001100000011110000000111000000011000000111000001111000001110000001110000001100000000
0000000010000000011100011111000000011100000001100000001100000001110000001110000000110000000110000000
0000011000000111100000011110000000011000000001100000000110000000001000000000100000000010000000001000
0000110000001111000000111100000010011000000001100000000110000000011000000000110000000011000000001100
0000000110000000111000011111000000001100000001100000001110000000110000000111000000011000000011000000
0000001000000001100000011110000001111000000001100000000110000000110000000011000000001100000000100000
0000010000000011000000111110000000011000000001100000000111000000011000000001110000000011000000001100
0000100000000111000000111100000000110000000001100000000110000000011100000001100000000010000000001100
0000010000000011100000011110000010011000001001100000000010000000001100000000110000000011000000000100
0000001000000001110000011110000001111000000001100000000110000000011000000001100000001100000000110000
0010000000111100000001111000000000100000000011100000000110000000001100000000011000000001110000000011
0000001000000011100000001110000000011000000001000000000100000000110000000011000000001000000000100000
0000001000000001100000011110000001011000000001000000000100000000110000000011000000001100000000100000
0000010000000001100000111110000011111000000001110000000110000000011000000001100000000110000000001000
0000001100000011110000011111000000001100000001110000001110000000011000000001100000000110000000011000
0000000011000000111000001111000000011100000011100000001100000001100000001100000001110000001100000000
0000000000000000011100000011100000001000000000000100000001110000011100000110000001100100001111110000
0000011100000011111000001011100000000110000000110000000110000000110000000110000000111110000011111100
0000000010000000111100000111110000110011000000011000000011000000011000000110000001100000000111110000
0000000111000000111100001100110000000011000000011000000110000000110000001110000001111010001111111000
1110000000111110000011001100000000010000000001100000000110000000011000000001000000000111110000011111
0001000000001111000001111110000110001100000000111000000011000000011100000001100000001100000000111111
0000000110000000101000000000100000000110000000110000000110000000110000000100000000111110000111111000
0000011100000011111000001001100000000110000000110000000011000000111000000110000000011100000011111100
0000000011000000111100000110010000000011000000011000000011000000110000001111000001110000001111111000
1111000000011111000001100110000110001100000000011000000001100000000110000000011000000001100000000111
1110000000111111000011000110000000011000000000110000000011000000011000000001100000001110000000011111
0001100000011111100001100010000000001100000001100000000110000000110000000111000000011111100001111111
0010000000111111000011000100000000011000000001100000001110000000110000000111000000011111110001111111
0010000000011110000011101110000000011000000001110000000110000000111000000011000000011100000000111111
0000011100000011111000011101100000000110000000110000000110000000110000000110000000110101000111111110
0000000110000011111100001100110000000111000000011000000111000000110000001110000001111111001111111100
0000001111000001111100001100010000000011000000001100000011100000011100000111000000111000000011111110
0000110000011111100000110011000000001100000000110000000011000000011000000011000000001100000000111111
0001100000001111000001100110000000001000000001100000001110000000110000000110000000011111100001111110
0000001110000001101000001001100000000110000001110000001110000001110000001101110001111111000111001000
0000001100000001111000011100110000000011000000011000000111000000111000000111000000111100000011111110
0000010000000111110000110001000000001100000000110000001110000000110000000110000000110011000111111110
0000111110000111111000110001100000000110000000110000000110000001110000001110000001111111100111111110
0000111100000110110000110001100000000110000000110000000110000000110000000110000000111111100011111110
0001100000011111100001100111000000001100000001100000000110000001110000000110000000111111100011111110
0000000000000000001100000011100000000000000000000100000001110000011100000111000001111101101111111110
0001111000011111110001100011000000001110000000110000000110000001110000000110000000111011110111111111
0000001100000001110000001101000001100100000000010000000010000000110000000110000000110000000011110000
0001100000001111000000110110000011001000000000100000000010000000011000000001000000001100000000111110
0000000000000000000000000000000000000000000000000000000000000000000111000001110000011100000111111110
0000111000000111110000011001000000001100000000110000000110000000110000000111000000011010000001111100
0000000111000001111100001100110000000111000000011000000111100000110000001100000001111110001111110000
0000000011000000111100000110010000110011000000011100000011000000111000000110000001111110001111111000
0000101000001111110001100011100000000110000000110000000110000001110000001110000001111111110111111111
0000001100000011110000001001000000000100000000110000000110000000110000000110000000011000000011111000
0000000000011111000011000110000000011000000001100000001111000000110000000111000000011111110001111111
0000000011000000111100001100110000100011000000011000000111000000110000011100000001111110001111110000
0000000000000000011100000001100000000000000000001100000011100000011000001110000001111110001111110000
0000001100000011111000011001100001000111000000110000000011000000110000001110000001100000001111110000
0000000011000000111100000010010000000011000000011000000011000000111000001110000001110000001111110000
0000001110000011011100011000110000000011000000011000000111100001111000001110000001110111100111111110
1110000001111111001111001101110000011111000001100100000110000000011000000011100000001100000000011111
0000001110000011111000011000100001000110000000011000000111000000110000000110000000111111000111111100
0111000000111111000011100110000110001100000000010000000011100000001100000001100000000110000000011111
0000110000000111110000110011000011001100000000110000000110000000110000000110000000111000000011111100
0000000001000000011100000111010000011001000000000100000001100000011100000111000000111000000111111100
0000000100000001110000001001000001100100000000010000000010000000011000000011000000011000000011111000
0000000000000000001100000001110000001100000000000000000000110000001110000011110001111110001111111110
0000000000000000011100000011100000011000000000000100000000110000011100000111000000111000001111111000
0000001100000011111000011000100000000110000000011000000111000000111000001110000001111110000111111100
0000000001000000111100000011110000000000000000000000000000110000001111000011110000111100100111111111
0000001100000011111000001000100000000110000000011000000011000000011000000011000000011110000011111110
0000001111000001111100001100010000000011000000011000000011000000111000011110000001110111001111111100
0001000000001111000001100110000000011000000001100000001100000001100000000111000000011111100001111010
0001110000011101100000100011000000011000000001100000001100000001110000001110000000111111100111111110
0100000000111110000011001100000000011000000001100000000110000000110000000111000000011110000000111110
0000100000000111110000011011000011000100000000110000000011000000011000000011000000011000000011111100
0111100000111111001111000110110000011100000001100000001100000001100000001110000000111110100011111111
0001110000001111100001110011000000001100000000110000000110000000111000000111000000011111100001111110
0000000000000000000100000000010000000010000000000000000000110000001110000111100000111101000111111100
0010000000011110000001101100000000010000000011100000001100000000110000000110000000011000000001111110
0111100000011111100001100110000000001000000001100000001110000000110000000110000000011111110001111111
0000000001000000001100000011100000000000000000000100000011110000111100000111000001110110001111111000
0001000000111100000011001100000000011000000001100000000110000000111000000011100000001111110000011111
0000000011000001111100001100010000110111000000011000000011000000111000000110000001110000001111111000
0000000000000000011100000011000000001000000000000100000001100000011100000111000000110000001111111000
0000001100000011111000011001110011000110000000011000000111000000110000000110000001111000000111111100
0011000000011110000001100100000000011000000001100000000110000000011000000011000000001100000001111110
0000000000000001111000001100100000000110000000010000000110000000110000000110000000111110000111111000
0011110000001111110000110011000010001100000000110000000110000000110000001110000000111111000111111110
0000011000000111110000110001100011001100000000110000000110000000111000000111000000110000000111111100
0000000011000000111100000100010000000011000000011000000111000000111000001100000001111100001111110000
0000000011000000011100000110010000000011000000011000000110000000110000001100000001111100001111110000
0000011100000011111000011001100001000110000000011000000011100000011000000111000000110000000011111100
0110000000111110000001001100000000011000000001100000000110000000110000000011000000001111110000011000
0011110000011111100001100011000110001100000000110000000011000000011000000011000000011100000001111110
0001110000001111100000110011000000001100000000110000000110000000110000000110000000111101000011111110
0000111100000110011000010001100000000100000001110000001110000001100000001110011001111111100100000010
0000000100000001111100011100010000100011000000011100000011100000111000001111000001110100001111111100
0000001110000011111000011000110000000110000000111000000111000000110000001110000001111111000111111100
0011110000001111100001100011000000001100000001110000000110000001110000000110000000111111000011111110
0011000000011111000001100100000000011000000001100000001100000000110000000110000000111101000001111110
0111100000010011000011000100000000011000000001100000001110000000110000000110000000011100100001111111
0111000000011111000001100110000100011000000001100000001110000000110000000111000000011100000001111110
0000000000000011100000011110000001001100000000110000000010000000010000000011000000011000000001111100
0000011000000011110000011011000001000100000000110000000110000000111000000111000000011000000011111000
0001110000001111100000110110000010001000000000100000000110000000111000000011000000011001000001111100
0000001100000011111100001000110000000011000000011100000111000001110000001110000011111111100111111110
0000110000001111100000111111000011001100000000110000000011000000011000000011100000011000000001111100
0000111110000111111100111000110011000011000000011000000111000000111000001110000011101101001111111100
0000111100000111111000110000110000000110000000011000000111000000110000001110000001110100001111111110
0110000000111111000001000110000000001100000001110000000111000000111000000011100000001111110000111111
0000000011000001111100001100110000100011000001111100000111000000001110111000110011100111000111100000
0000000000000001111000001101100000000110000001110000000011000100000100001110010000011011000000111000
0011110000011011100001100110000000111000000111100000000011000000001110011000111001110011000011111100
0001100000001111100001110011000000001100000011110000000111000000000110000000011000011001100000111110
0000011000000111110000011011000011001100000000110000001110000000011100000000110000110010000001111000
0111100000011011100001100110000000011000000001100000000001100000000011000001000100000011110000000111
0001111000001111100000110011000000001100000011100000001111000000001100001000011000111011100001111100
0000000010000000111000000111100000001110000000011000010001100111000110011100111001111111000011111100
0110000000111110000011101100000100011100000001110000001110000000000110000000001100000000110000001111
0001100000011111000001100110000100001100000001110000001110000000001110000000011000011000100000111110
0000000111000001111100001100010000001111000001111100000001100000001100111001110011111100000011000000
0011110000011011100001100011000000011100000011100000000011100000000111001100001100111001110001111110
0000001100000011111000001001100000000100000001110000001110000000011000000001100001100100000011100000
0001110000001111100000110010000000001000000000100000000110000000001100000100010000001001000000111100
0001111000000111100000110011000000001100000011100000000111000000001100001000010000110011000001111100
0000000001000000011100000011010000000011000000111000000111000000001100000001100001001100001111100000
0000011000000110110000011011000000011100000001100000000011000000001100000100110000011110000001111000
0000110000000111110000110011000000001100000011110000000111100000000110011000011001110111000011111100
0001110000001111100000110011000010001100000001110000000111000000001110000000011000011001100000111100
0000110000000011100000011010000000001000000001100000000110000000001000000100100000010010000000110000
0001100000001111000000110110000000001000000011100000001110000000001100000100010000011011000000111100
0000000001000001111100001100110000100011000000111000001111100000000110000000110011100011000111110000
0000011000000111111000111001110000000110000111111000000111100000000110011000011001111111100111111100
0110000000011110000001101100000000011000000001100000001110000000000100000010001100001101110000001111
0000111100000111111000111001100011000110000000110000001110000000011100000000110001100011000011111000
0000010000011111000001100110000010011100000011100000001111000000000110000100011000011001100000111110
0000010000000011100000011011000001001100000001100000000110000000001100000100110000010010000000111000
0000111000000111110000010011000000001100000011110000001111000000011100001100110000110011000001111000
0000111000000111110000011011000000001100000001110000001110000000001100000000110000110011000011111000
0110000000111110000001000110000100011000000111100000000011100000000111000110001100011100110000111111
1111100000011011000001000110000000011100000001111100000000010000000000000000010000000001110000000001
0000111000000111110000111011000011000100000000110000001110000000011100001100110000110011000011111100
0001100000001111100001100011000000001100000011110000000111100000000110000100011000011011100000111110
0111100000011011000001001110000000011000000011100000000111100000000110000100001100011101110000111110
0000001110000001111000001100100000010110000001110000000011000000001100011000110001111110000111110000
0000111110000011011000011001100000001110000001110000000111100000000110001100011000110011100101111100
0000010000000011100000011011000000001000000001100000000110000000001100000100110000011010000000111000
0011100000001111000001100110000000001000000001100000000011000000000110000010001000000111100000011110
0000000001000000111100000111000000000111000000001100000011110000000011000000001101100001101111111100
0001100000001111000000100110000000011000000011100000000111000000000110000010011000001101100000011100
0000110000001111110000110010000010001100000001110000001111000000001100000100011000011001100000111100
0000001100000011111000011001100000000110000001110000001111000000001100011000110001101110000011110000
0000110000000111110000111011000011001110000000110000001111000000111100000000110000110001000001111100
0000011100000111111000111001100011100110000000111000001111100000011110000000011001100011000011111000
0000000011000000111100000100110000100010000000111000000110000000111000000001100001101100001111100000
1111100000110011000011000110000000011100000011110000000011100000000111000110001100001110110000001111
0000000111000000111100000111000000000000000000111100000001110000000011011000001111100011101111111000
0001110000001111100000110011000000011100000011100000000111000000001110001100011000111011100001111100
0000110000000111100000010010000000001000000011100000000110000000001000000100100000011110000001110000
0011000000001111000001100110000000011000000001100000000111000000010110000000001000001100100000011110
0000001110000001111100001100100000000110000001110000000111000000001100011000100001101100000111110000
0000001111000001101100011100110000010111000001111000000111000000001100110000110011000110000111110000
0100000000111100000001001000000000010000000011100000000011000000000110000001100100000011110000000011
0000111000000111110000010001000000001100000001110000000011100001000110001100011000110011000001111100
0000011110000011111000011101100000000110000000110000000111000000001100000000010000110011000011111000
0000100000000111100000111111000011001100000000100000000110000000011000000000100000010010000001111000
0011000000011111000001000110000000011000000011100000000111100000001110001100011000011111100001111110
0000010000000011111000001001100000000110000000110000001111000000001100011000110001100110000011110000
0000001110000001111100001000110000000111000001110000000111000000001100011000110011101110000111110000
0111100000001111000000100110000000011000000011100000000011100001000110000110011000001111100000011100
0000111100000111111000111001100011000110000001110000001110000000011100000001110001110110000111111000
0000000001000000011100000011000000001001000000011100001111000000001100000000110001000110001111100000
0000010000000111110000111011000001000100000000110000001110000000001100000000010000110011000001111100
0000110000000110100000010010000000011000000011100000000011000000001100001100110000011111000001111000
0000110000001111100000011010000000001000000001100000000111000000000100000100010000011001000000111100
0000001000000111111000011001100011000110000000111000001111000000011100000000110001111110000111110000
0000000110000001111100001100110000000111000001110000001110000000001000000001100011001100001111000000
0000000000000000001100000001100000001001000000011100000111000000001100000001100001001100001111100000
1111000000011111000001100110000000001100000001111000000011110000001011000000000100000011000000000011
0000110000000111110000011011000000001100000011100000001111000000000100001100010000110011000001111100
0000000000000000001100000001100000000000000000011100000011110000000110011000111001101110001111010000
0001111000000111110000010011000000011100000011110000000011100000000110011100011001110111100011111100
0000000111000000111100000110010000000011000000111100000111000000001100000000100011100100001111100000
0000111100000111111000111001110000000111000001111000000111100000000111011000011101110001100111111110
0000000000000001110000001111100001100110000000110000001110000000011000000000100000100110000011110000
0001000000011111000001100110000000011000000011100000001111000000001100001100011000011001100001111110
0000000100000001111000000101100000000100000001100000000111000000001000001001100000111100000011100000
0000011110000011011000001001100000000110000001110000000111100000000110001000111001110011000011111000
0111000000011011000011100110000000111000000011110000000001100000000011001111001100001111110000011111
0001100000001111000000100100000000010000000011100000000011000000000110000110011000001001100000111110
0000000011000000011100000011000000000001000000011100000001110000000011000100001111110001110011111100
0111100000011111100001100110000000001100000011110000001111000000000111000000001100011110110000111111
0011100000011111100001100110000000011100000011110000000111000000001110000110001100011000110000111110
0001111000011111100001100011000000001100000011100000001111100000000110011000011001110011100011111100
0000000110000001111000001100100000000110000001110000000111000000001100011001100001101100000111100000
1110000000111111000011000110000000011100000001110000000011110000010001000001100000000011000000000111
0000011000000110100000011010000000001000000001100000000011000000001100000100110000110110000001111000
0001100000011111100001100011000010001100000001110000001111000000001110001000011000110001100001111100
0000001000000001110000001001100000001100000001110000000011000011000100001100110000111111000001100000
0000111000000100111000000011000000011000000011110000000001000010000110011100111000111111000001111000
0000011000000111110000011011000001000100000000110000000110000000001100000000010000110011000001111000
0011111000001111110001110011000000001100000011100000001111000000000110001000011001110011100011111100
0000000011000000011100000110010000000011000000011100000011100000000110000100010011111110000011111000
0000111000000111111000110001100000000110000001110000001111000000000110011000011001110011100011111100
0001111100001111110000110000000011010000001111110000110011000000001110000000011000110011000001111100
0000010000000011000000011110000001011000001101100000111111000011111110000001110000000011000000001110
0000000011000000011000000011100000011100000010100000110110001111111100111111100000011000000011000000
0000000110000000111000000111100000110110000110010000111011000011111110000001110000000011000000001100
0000000010000000111000000111100000111100000110111000110011000011111110011111111000000110000000011000
0000000000000000000000000000110000000011000000000100001001100011001110111111111011111111000001100000
0000001000000001100000001110000000111000000111100000010110000011111000001111110000000110000000011000
0000000011000000011000000011100000011100000110110000110110000111111000011111100000001100000001100000
0000000000000000001100000001110000011110000011111000011011000011011000011111100011111100000001100000
0000011000000011100000011111000001101100001100110001101011001111111111011111111000000001100000000110
0000000001000000011100000011100000011110000011110000010011000110011000011111110011001100000110100000
0001110000001111100000110111000011001100001100110000110001000011001100000110110000011111000000011000
0000000100000000111000000111000000111100000011111000110011000111001100011111111000000011100000001100
0000010000000011000000001100000001110000000111100000110110000010011000001111110000011111000000011000
0000000010000000011000000011100000011100000010110000010011000011011100011111110000000110000000110000
0000000000000000001100000001110000011110000010110000110011000111111100111111100000001000000001100000
0001100000001111000000111100000011110000001001100001100110000111111110011111111000000001100000000110
0000000111000000011000000111100000010110000010010000110011000111101100011111111000000110000000011000
0000000000000000000100000000110000001111000011101100111001110111010111111111111100000111000000011000
0000001100000000110000000111000000111100000110110000110011000011111100001111110000000010000000011000
0000000001000000001100000001110000001111000011011000010011000011001100111111111001001110000000110000
0000100000000001100000001110000000111000000111100000110010000011011100001111111000100111000000001100
0000001000000001100000000110000000011000000010100000011010000001011000000111110000000010000000001000
0001100000001110000000111000000011110000001111000000100110000010011000001111111000000011000000000100
0010000000001100000000111000000010100000001011000001100100000111111100001111110000000011000000000110
0010000000001100000001111000000010100000011011000000100110000011111100001111111000000001000000000110
0000000001000000011100000011100000011100000010110000110110000111111000011111100000001000000001100000
0000000110000000111000000011100000011110000011111000011011100011001100011111111000001011000000001100
0000000000000000001100000001110000001110000010111000110111000111111100111111100000011000000011000000
1100000000011000000001110000000111100000001010000000110110000011011100000111111000000010100000000011
0001000000000110000000011000000001110000000111000000111100000011011000001111110000000011000000001100
0000000010000000011000000011100000011100000110110000110011000111111100111111110000001100000000100000
0000000001000000001100000011100000011110000010010000010011000011111110111111110000001100000001100000
0000001100000001110000000111000000101100000110110000110011000011111110001111110000000011000000001100
0000000100000000111000000111000001101100000100111001100011000111111110011111111000000011000000011100
0110000000011100000001110000000111100000011011000001100110000111111100001111111000000011100000000110
0000010000000001100000011110000000111000000111100000010010000011001000001111110000010011000000001100
0000011000000001100000001110000000111000000110100000010010000011011000001111110000000110000000001100
0000000010000000011000000011000000111100000010110001110111100111111100011111100000001000000001100000
0000000110000000011000000111000000011100000111110000011111000011011100001111110000000110000000010000
0000001000000001100000000110000000111000000010100000011010000001001100001111110000001111000000001100
0000000110000000111000000111100000111110000110110000110011000111001100011111111000000111000000011000
0010000000011100000000111000000010100000001011000000100110000111111100001111111000000001000000000110
1010000000011100000001111000000111100000011011000001101110001110011000011111111001111011100000000110
0001100000000110000000111100000011111000001101100000110111000111011110001111111100000001100000000011
0011000000001100000000111000000011100000001011000000110100000011111000000111110000000011100000000100
0000011000000011100000011110000011101100001101100001100011000111111110001001111000000011000000001100
0000010000000011000000011110000001011000001101100000111011000111111110001111111000000011100000000110
0000010000000001100000001110000000111000000110100000011110000011001000001111110000010110000000001000
0000000010000000011000000011100000011110000110110000010011000010011100011111110000010110000000110000
0000011000000011100000011110000001111000001101100000100110000111111110011111111000000011000000001100
0000000000000000000000000001110000001111000011101100011001100111101110111111110000001100000001100000
0000011000000001100000001110000000111000000111100000010010000011001100001111110000001011000000001100
0000000110000000111100000011100000011110000110010000011011000110111110011111111000000110000000111000
0000010000000001000000001100000000111000000111000000010110000011011000000111110000000110000000001000
0000100000000011000000011100000001110000000101100000110110000011111100000111110000000011000000000100
0000000010000000011000000011000000011100000010110000011010000011111100011111110000000100000000110000
0000000000000000000100000001110000011011000011011000110011100111111110110111111000001110010000110000
0001000000000110000000011000000011110000001001000001100110000110011000011111111000100011100000001100
0000000010000000011000000011100000011100000011110000001011000001001000001111110001111110000000010000
0000001100000001110000000111000011111100000110110000110011000111111110001111111000000011000000001100
0000000100000000110000000111000000111100000110110000010011000011111100001111110000000011000000001000
0000010000000011000000001100000001111000000111100000010110000011001000001111110000000011000000001100
0000000100000001110000000111000000111100000110110000010011100011001100011111111000000111100000001100
0000110000000011000000011100000001010000001101100000100110000111111110011111111000000011000000001100
0000000011000000011100000111110000110110000110011000110011000111111111111111111100000111000000011000
0000000010000000111000000111000000111110000110110000110011000111111110011111111000000011100000001100
0001000000000110000000111100000011110000001111000000100100000010011000001111111000000111100000001100
0000110000000111000000011100000011010000001101100000100110000110011000001111111000000011000000001100
0000001000000001100000001110000001111000000101100000110111000111011100011111111000000011000000001100
0000000000000000001100000001110000011111000011011000110011000111111100111111110000001100000001100000
1111100000011111000001100000000010100000000111110000011001100000000011000001000100000110010000000111
0000000001000000001100000001100000001100000001111100001111110000000110000000111011000110001111100000
1111100000011011000001100000000011111000001111110000000001100000000011000011001100000110110000001111
1100000000111110000001100000000011110000000111100000000001000000100110000001111100000011110000000011
0011110000001111110000110000000011000000000111100000110011000000000110000100011000011101100000111100
0000001111000001111100001100000001111110000111111000000001100000000110111000110011101110001111111000
0011100000001111000000100000000011100000001111100000000010000000000100000110010000001111100000011100
0000000001000001111100001101000000101000000111110000000011000000001000110001000011111100001111000000
0001100000001111110000111111000011000000001101000000011111000001001100000000011000011001100000111110
0000000101000011111100001000000001110000001111110000110011000000001100110000110011100110001111110000
0001111100000111110000011000000001000000000111100000111110000000001000000000100000110110000001110000
0000000010000000101100000111110001110000000100000001111110001100111000000011000000111000000011100000
0000001000000011110000001000000000100000000011100000011010000000001100000100110000011110000001111100
0000111000000111100000001000000001110000000111100000000011000000001100000100110000011010000000111000
0000100000011111000001111110000110001000001111100000111111000000000110000100001100011000110000111111
0111000000011111100000100010000010000000001111000000011111000000000110000100001000001001100001011110
1111110000111111000001100000000011111000000111111000000000110000000001000011000100000111010000000111
0000010000000011111000001000100001100000000111110000011111000000000100001100110000110110000001110000
0000011000001111110000110000000011000000001111110000110011100000000110001100011000011011100000111100
0100010000001111110000100000000010000000001111110000111111100000000110000100011000011101100001111110
0010000000111111000001101000000110000000001111100000011011000000000110000010001100001100110000011111
0000111000000011111000011000000001101000000111110000111011000000001100011000110001111110000111110000
0000000111000000111100000110000000110000000011110000011111000000001100000001110011000110001111100000
0000000010000000111000001111100000100000000111110000111011100000001100001000110001101110000011110000
0000001000000011110000001100000000100000000111100000011110000000001000000100100000010110000001110000
0000000000111110000001100000000110000000001111100000010011000000000010000001000100000110010000001111
0000001100000001111100001100000000100000000111110000010011000000001000011001100011011100000111100000
0001111000000111111100011110100011100000001111100000111111000010001100000001110011100110001111110000
0000110000000011111100011100100011100000001111100001111111000010011100000001100011001100001111110000
0000000001000000011100000011000000011000000011111100011101110000000110000000110001100110001111110000
0100000000111111000011111100000110000000001111000000011111000001001111000000000100000110010000001111
0011111000001111100000110000000001000000000111110000001011000000100110000011001000001111100000011110
0111111000011100000000110000000011111000000100110000000001100011000110000110011000011111100000010110
0000010000011111000001100000000011111000001101110000000001100000000011000110001100001111110000001111
0000011000000011111000001000000001100000000111110000010011000000001100001001100001110110000011100000
0000000011000000001100000011000000011110000011111000000001100010001000010001000011111000000100000000
0000011111000001111100001100000001111100001110111000010011000100001100111001100011111110000111100000
1111110000011111000000100000000011000000001111110000011001100000000011000011001100000110110000001111
0001111100000111110000011000000001000000000111100000011111000000001100001100110000110111000001110000
0011111100001111110000111100000011000000000111100000011111000001000110000000011000001001100000111100
0000011010000011111000001111000001100000000101000000111110000011011000000001000001101100000111100000
0010000000001111110000110000000011110000001111110000000001100010000110001100011000111111100000111100
0000011000001111110000010000000001000000000111100000011111000001000100000000010000011001000000111100
0000001110000111111000110000000011000000001111100000111111000110001100000000110000110011000011111000
0001111010001111111000110000100011000000001111100000111111000000001110001000111001100011000011111000
0000010100000011111100001110010001100000000111100000111111000000001100000000110011101110000111110000
0111110000111111100001100000000110000000001111110000011001100000000111000110101100000110110000011111
1111110000111111000001100000000110000000001111110000111011100000000011000010001100001100110000011111
0001000000111111000011111100000110000000001111100000111111100000000011000000011100001110110000011111
1111100000111111000001100000000011100000001111110000000001110000000001000011000100000111110000000111
1111100000111111000001100000000011110000000111110000001000110000000001000001100100000011010000000111
0011100000011111000001100000000011000000000111111000001000110000000001000000000000000001110000000011
1111111000011111100001100000000111000000001101100000011111100001100011000000000100000110010000001111
0001111100001111110000110000000011000100001111110000111111000000001100000000010000110011000001111000
1111100000111111000001100000000011000000000111110000001111110000000001000000000000000001100000000011
0001111000000111111000110100000011111100011111111011100001100000000111011100011101110111100011111100
0001101100000111110000011000000001110000000111110000010001000000000110001100011000011011000001111100
0000000000000000111100000111110000110000000111110000011111100000001100010000100011001110001111100000
0001111100000111110000110000000011110000001111110000000011100000000110001100111000111111000001111100
0000011000000111110000011111000001000000000111100000111110000000011100000000100000100110000011110000
0000111110000011111000011000000001000000001111100000110111000000001100010001110001000100000111100000
0001111100001111111000110000000011010000001111110000110011100000000110011000111001110011000001111000
0001111110000111111000010000000011000000001111110000110011100000001100001000110000110111000011111000
0001111110000111111000011000000011001000001111110000110011100000000110001000010001110011000011111000
0001111100000111111000010000000011000000001111110000110011100001000110001100011000110011000001111000
0111111000011111100000111110000011000000001101000000011111000000100110000000001000000100110000011110
0000111111000011111100011111110001100000001100000000111110000111011000000001100011001100001111100000
0111100000011111000001100000000110100000001111110000000001000000000110000110001100001101110000011111
0000000010000000011100000001100000001000000011111100011100110000000111011000110011101110001111100000
0000000010000111111100011000000011010000001111100000111111100000000110010000111001100111000111111100
0010000000001111110000111111000011000000001111000000111111000000001100001000011000110011000001111000
0000110000000111110000011000000001110000000111110000010011000000000100000100010000011111000001111000
0011111000001111100000010100000001000000000111100000011111000000000100000000010000001001000000011100
0000000000000001111100000111110000011001000000001100000000110110001110111000100011111100001111000000
0000000000000111110000011111000011000000000111000000111111000000001100000000010000110011000001111000
0000011110000011111100001100000001110000001111100000110011000000001000010001100011011000001111000000
0000011111000011111100001100000000111100000111111000011001110000000110011000011001110011000111111000
0000000110000001111000001100000001111100000111111000000001100000000110011000111001101110000111110000
0000111100000111110000011000000001111100001110110000000011100000001100011000110001110111000011111000
0000000111000000111000000111100000111111000111111001111001101111101111111111111100000011100000001100
0000000111000000111100000011000000011000000011111100011101110000000110010010111001101110001111110000
0000011111000011111100001100000001100000000111100000111110000000011000010001000001111000000111100000
1111111000011111100001100100000011000000001111100000111111100000000110000000001100001100110000111111
0111111000011111100001100000000110010000001111100000110011000000000110000100011100011001110000111110
0000000010000011111000001000000001111000000111110000010011000000001100001001100000111110000011110000
0111100000011100000000110000000011111000000100110000000001100001100110000011001000001111100000001110
0111101000011111100001100000000111000000001111110000110001100000000111000110011100001001110000111111
0111111000011111100001110000000011110000001111110000010001100000000110001110001000001111100000001110
0000111100000110110000011000000001111100000100111000000001100011000110011100111000111111100000111000
0001111000000111110000111001000001000000000111100000011111000000001100000100010000011010000000111100
0001110000001111111001110000000011010000001111110000100001100000000110011000011000110111100011111100
0011111000001111100000110000000011000000001111000000011111000000000100000010011000001001100000011100
0000001000000111110000010000000011010000001111110000111011100000000110001100111000110111000011111000
0001111110000111111000010000000011000000001111110001110011100000001110011000110001111111000111111000
0000100000000111000000011100000001000000000111000000011110000000001000000000100000011010000000111000
0000000000000111110000011111000001100000000111100000010011000000100100001110010000011001000001111100
0001111000000111111000110000000011000000001111110000110011000000000100011000110001110011000011111000
0001110000000111100000010000000001111000000111100000000011000000001100000110010000001111000000111100
0111100000001111100000100000000011111000001100110000000001100011000110001111111000011111100000001100
0000100000001111000000110000000001000000000111100000011110000000001100000100010000001001000000111100
0001010000001111000000110000000001000000000111100000010011000000000100000110010000001001000000011100
0000110000000111110000010000000011110000001111110000110011000011000110001100111000111111000000111100
0000001000000001100000001000000001111110001111111001110001100110000110011000110001111110000011100000
0000011110000011001100011000110011111110001111111001110000110111000011011100011001110011100111111100
0000111100000110011000110101000011111100001110011000110001100011000110001110111000011111000000010000
0001100000001111000000110110000001000000000111100000011010000001001100000010010000001111000000001000
0000011000000011111000001101100001100100000101100000111111000011001100001000100000110010000011110000
0000111100000011111000011001100011001000001111110000110011000111000110001100111000110111000001111100
0000110000000111100000110010000001010000000111100000010011000001000100000110010000001111000000011100
0001111000001111110000110011000111010000011111110001110011000011000110001100011000111011100001111100
0000000110000001111000001110100000100000000111100000111110000010011000001001000001101000000111000000
0000000100000001111000001100100001100000000111110000110011000010001100011001100001111100000111100000
0001000000011110000001101100000110000000011111100001110111000011000110000110011000001101110000011110
0000011100000011111000001100100001100000000101110000111011000110001100011000110001110110000011110000
0000001100000011110000001101000000100100000111100000011111000001001000001100100000110110000001110000
0000001100000001110000001101000001100000000111100000011110000011001000001100100000110100000011100000
0000000000000000111100000111110000110011000110000000111110000111111000011001100001001100001101100000
0000001000000011110000001001000001100000000111100000111111000011001100001100110000110110000011110000
0111000000011111000001100110000110100000011111100000110011000011000110000110001000001100110000011111
0000000110000001111000001100100000100000000111110000111011000111001100001100110000110110000011110000
0000111000000111100000010010000001000000001111100000110011000001001100000100100000010010000001111000
0011000000011111000000100110000010000000001111100000111011000001000100000110011000001101100000011110
0001100000001111000000100110000011000000001111100000111011000001001100000110011000001101100000011110
0000000100000001111000001101100001100000000100100000111111000011001100011000110000100110000011111000
0000001010000001111100001100110001100000001111110001110011100110001100111001100011101100001111110000
0000011110000011101000011000100001001100001111111001110001100111000110011000111001111111000011110000
0011000000011111000001101100000110110000001111100000110001100011000110000110001000001101100000011110
0000000001000000111100000110010000110100000111111000110011000110001100010001100011001100001111100000
0011100000011111000001100110000110000000001011100000111111000001100110000110001100001100110000011111
0000001110000011111100001000110001100000001111110001111011000110001100111001100001101100000111100000
0000000110000001111100001100110001100000001111111000111111100110001100011000110001100110000111110000
0000100110000011101100001100000001111100000111111000110001100011000100001000110000111110000111110000
1110000000111100000001001000000101100000001111100000010001000001100011000011001100000011110000000111
0000011100000011111000011000100001101000001111110000110011000010001100011000100001111100000111110000
0000001100000001111000001100100000100000000111100000111110000011001100001000100000100110000011110000
0011111000011111100001100011000111000000001111100000111111100001100110000110001000001100100000011110
0000000110000001111100001100110001100000001111110000110111000110001100110001100011001100001111100000
0111000000111111000001000110000110000000011111100000111011000011000011000110001100001111010000001111
0000000111000011110100001100010001101100001111111101110001110110000110111000111011111110000111110000
0001110000001111100000110010000011001000001100000000111111000001101100000110011000001001100000011100
0001100000001111000001100110000110110000001111100000110011000011000110000110011000011111100000011100
0111000000111111000001100100000111100000001111100000110001100001100011000011001100000111110000001111
0000100000000111100000010010000001000100001111000000011110000001001100000110010000011001000000111100
0000000000000000000100000001110000011101000011111100011100010011000011011000011001100110001111110000
0000000000000000111100000111000000111010000011111100111001110111000110011000110011111110001111100000
0001100000001111000000110000000011110000001111100000010111000001100100000110010000001111000000011100
0011000000001110000000100100000011110000001111100000011010000000100100000011010000000111100000001110
0000100000000111100000110011000011000000001111110000111001100011000110000110011000011101100000111110
0011000000011111000001101100000110100000001111110000110011000001100110000011001100000110110000001111
0000111000001111110000110011100111000110011101100001111111000111001100001000110000110011000001111000
0000000001000000011100000111000000110000000111111000111101100111000110011000110001101110001111110000
0000000001000000011100000111010000110000000111110000110011000110011000010011000011111000000100000000
0000011100000111011000011000100001111100001111111001110101100011000110001100111000110011000011111100
0000011000000111110000111001100011000000001111100001111011000110001100011000110001110111000011110000
0011000000001111100000111111000011001100011011000000111111000011010100001100011000111001100001111100
0000111010000111111000110001100011000010001111100001111011000110001110011100111000110011000011111000
0000111000000111110000011001000011110000001111110000110011000011001100001100110000110010000001111000
0001100000001111100000110010000011000000000111100000111011000001001100000110010000001111000000011100
0000110000000111100000110010000001000000001111100000011111000001001100000100010000011011000000111100
0000001110000011111100011000110001101000001111111001110011100110000110011000111001100111000111111000
0000011110000011011000011000100011011000001111111001110001100110001110011000110001110110000011110000
0000001000000011110000011101100001100110001101100000111111000010011100011000110000100010000011111000
0010000000001111000001110110000110001000011000000000111111000011001100000110011000001001100000111110
0001111000001111100000111011000011000000001111100000111111100001000110000110001000001101100000011110
0000000111000001111100001110110000100000001111111000111011100110001100011000100001100110001111100000
0000000111000001111100001110010001100000000111110000111011000110001100011001100001101110001111100000
0000000011000000111100000110010000110000000111110000111111000010001100011001100001101100001111100000
0000000000000000001100000001100000011000000011111100011100110011000110011000010001100110001111110000
0000000000000000011100000011000000011000000011111000011111100011001100011001100011001100001111000000
0111100000011111000001100110000110000000011111100001111011000011000110000110001100001100110000111111
0011100000011111100011100011001111111000111111110001100001100110000110001100011100111111110001111110
0000001000000011110000001111000001100000000101100000111011000011000100001100010000111011000001111000
0000000001000000011000000011000000111110000011111000011001100011000110001100110001101110001111100000
0000100000000111100000110110000011001000001101000000011111000001101100000110010000001001000000111100
0000011000000011110000011001000001010000001111110000110010000011001100001100110000111110000001111000
0000010000001111100000111011000111000110001101000000111111100011100110001100011000011101100000111110
0000011100000011111000011001100011100000001111110000111111000111000110001100011000110011000001111000
0000000110000011111100011100110011100000001101100001111011101110000110111000110011100111000111110000
0000001000000011111000011101100011100000001101100000111011000110001100011000110001100110000111110000
0011100000001111000000100110000010000000001111000000111111000001000110000110011000001001100000111110
0001110000001111100000100000000111111000011101110001100001100011000110001100111000011111100000111100
0000010000000111110000010011000011010100001111110000110001100011000110001100011000011011100001111100
0000000100000001111000001111100000100010000110000000111110000011011100011000100001101110000111110000
0000000100000011111000001110100001100000000111110000110011100110000100011000110001101110000111100000
0000111000000111110000110011000011000000001111100000111011100011000110001100011000011001100001111100
0000110000001111110000110001000011000000001111110000110011100011000110001100011000011011100000111100
0000111100000011111000011001100011100000001111110001111001100011000110000110011000011111100000111100
0000111100000111111000011000100001010000001111110000110011100011001100011000110000110111000011110000
0000000100000011110000011111000001100110001101100000111111000010001100011100110000110110000011111000
0000110000000111110000010011000011100000001111100000111011000011000100000110010000011011000000111000
0000111110000111111000011000100011010000001111110001110011100110000110011000110001110111000011111000
0000111000000110100000011000000001111000000110100000110011000001001100000110110000011110000000110000
0000111100000111111000011001000001111000001111110000110011000011001100001100110000110011000011111000
0000000111000000111100000110010000111100000111110000111011000011001100001001100001101100000111100000
0000011000000011110000001000000001110000000111100000010010000001001000000100100000011110000000110000
0000111000000111111000111000100011011000011111111000110001100011000110011100111000111111000000110000
0111000000011111000001100100000111110000011111110001100011100011000110001110011100011111110000011111
1110000000111110000011001000000111110000001111110000011000110000110001000001100000000011110000000111
1110000000111110000011001100000110100000001111000000111111000001100110000010001100000110010000001111
0011111110011111111000110101100000001100000001100000001100000001100000000110000000110000000110000000
0000001100001111110000011111000000001100000000110000000011000000001100000000100000000010000000001000
0000111100000111111000000001100000001100000001100000000100000000110000000110000000110000000111000000
1111000000011111000000000110000000001000000000110000000011000000000110000000011000000001100000000011
0111111110001111111000000001100000001100000000110000000110000000011000000001100000001100000000110000
0000000011000000011100000000000000000000000000001100000000100000011100000001100000011000000011000000
0000000010000011111100000001100000000100000000100000000100000000100000000100000000100000000100000000
0011111100011111110000000011000000000100000000010000000001000000000110000000011000000001100000000110
1111100000011111100000000011000000001100000000110000000001100000000110000000001000000001110000000011
0001000000001111110000111111000000000100000000010000000001000000000110000000010000000011000000000100
0000001110000111111000000111000000001000000001100000001100000000100000000110000000100000000110000000
0000000010000111111100000001100000011100000001100000001110000000110000000110000001110000000110000000
0000000111000000111100000000010000000011000000011000000011000000011000000010000000110000000110000000
0011111110011111111000000000100000000110000000011000000001100000001110000000011000000001100000001110
0111110110011111111000000001100000000110000000011000000001100000000110000000011000000001100000000110
0000011111000011111100000001110000000010000000110000000110000000110000000110000001110000001110000000
0000100000000011111000001111100000000110000000110000000110000000110000000010000000010000000011000000
0011111100001111110000000001000000001100000000110000000110000000011000000001100000001100000000110000
0000101110000111111000001001100000001100000000100000000111000000111000000011000000011000000011000000
0001111000000111110000000011000000001000000000100000001110000000011000000001000000001100000000110000
0001111000000111110000000011000000001100000001100000000110000000011000000001100000001100000000110000
0000000111000000111100000000000000000000000000000100000001110000001110000001100000011000000011000000
0000000000001111110000011111000000000100000000110000000011000000001100000000110000000010000000001000
0001010000000111111000000001100000001100000001100000001100000001110000000110000000110000000110000000
0000000011000000111100000001110000000001000000000100000001100000001100000111000000110000000110000000
0110110000011111100000000010000000001000000000110000000001000000000110000000011000000000110000000011
0000000000000001111100000111110000000111000000111000000110000000110000000110000000110000001100000000
0111111000011111110000000011000000000110000000011000000001100000000110000000001000000000110000000011
0011110000000111110000000010000000001100000000100000000010000000001000000000100000000010000000001000
0001111000000111110000000011000000001100000000100000000010000000001000000001100000000110000000011000
0111101110001111110000000011000000001100000001100000000110000000110000000011000000011100000001110000
0100000000011111000000001110000000001000000000110000000001000000000110000000011000000000100000000010
0000111110000011111000000001100000001100000001100000001110000000110000000110000000110000000010000000
0000000000001111010000111111000000000100000000011000000001100000000110000000011000000001100000000110
0000011000000011111100000001100000001100000001100000001100000000100000000110000000100000000110000000
0001111100001111111000111111000000001000000001100000001100000000100000000110000000010000000010000000
1111110000011111100000000011000000001100000000011100000001100000000011000000001100000000010000000001
0000010000111111110000100111000000000110000000011000000000110000000011000000000100000000010000000001
0011100000001111110000000001000000001100000000110000000111000000011000000001100000000110000000111000
0000110000000111110000000011000000001100000000110000000010000000011000000001100000000100000000011000
0000111111000011111100000001110000001110000000100000001100000001110000001100000001100000001100000000
0001110110001111111100000001110000000110000000110000001110000001110000000111000000111000000111000000
0001111110000111111000011011100000001100000001100000000100000000100000000110000000110000000110000000
0111111000011111100000000011000000001100000000110000000001000000000110000000011000000011100000000110
0011111000011111111000010011100000001100000000110000000110000000011000000011000000011100000001100000
0000110000001111110000000011000000001100000001100000000110000000010000000011000000001100000001100000
0011011100011111111000001011100000001100000000110000000011000000011000000001100000000110000000110000
0000000001000000001100000000000000000000000000000100000001100000001100000001100000011000000011000000
0000000001000000011100000001000000000001000000001000000011000000011000000110000000110000000100000000
0000000011000000011100000000000000000001000000011000000011000000011000000110000000110000001100000000
0000000011000000011100000000000000000001000000011100000011000000111000000110000000110000001100000000
0111111110011111111000000001100000000110000000011000000011100000000110000000111000000001100000000100
0010011110011111111000000001100000000110000000110000000011000000001100000001100000000110000000011000
0011111100001111110000000011000000001100000000110000000010000000011000000001100000000110000000010000
0001111110001111111000000001000000001100000001100000001100000000100000000110000000110000000110000000
0000111111000111111100000001100000001110000000110000000110000000110000000110000000110000000010000000
0111111000011111100000000011000000000110000000010000000001100000000110000000001000000000100000000010
0001101100001111110000000011000000001100000000110000000010000000011000000001100000000100000000010000
0000000001111111111111111111110000001110000000111000000111000000111000000011000000011000000011100000
0000000001000111111100011111110000000110000000110000000110000000110000000110000000110000000110000000
0000000101000001111100000001110000000011000000011000000110000000010000000110000000110000000100000000
0000001111000011111100000000110000000110000001110000001100000001100000001100000001100000001100000000
0011111110001111111000000011100000001100000001110000000110000000110000000110000000011000000011000000
0000000000011111100001111110000000001000000000110000000011000000001100000000110000000011100000001100
0000001000000001111100000010100000000100000000110000000110000000110000000010000000010000000011000000
1111111000011111110000100011000000000110000000001000000000110000000001000000000100000000000000000000
0000010000001111110000011111000000001000000001100000000110000000110000000010000000011000000011000000
0000000111000000011100000000000000000000000000000100000001110000001100000011100000011100000011000000
0011111100001111110000000011000000000100000000010000000001000000001100000000110000000011000000001000
0000110001000111111100000001100000000100000000110000000110000000110000000110000010110000001110000000
0001111000000111110000000011000000001000000000100000000110000000011000000001100000000100000000010000
0000111111000011111100000001100000001100000001100000001100000001100000001100000001100000000100000000
0000000010000011111000000000100000001110000000110000000110000000110000000110000000110000000110000000
0000001111000000111100000001110000000110000000110000000110000000110000000110000000110000000110000000
0011111000001111111000000011000000001100000001100000001100000000110000000110000000110000000110000000
0000000001000000000100000000110000001111000011111100000111100001111100000111100001111100000111110000
0000111100001111110000000011000000000100000000110000000011000000001000000001100000000110000000011000
0000000100001111111000111111100000001100000000110000000011000000001100000001100000000110000000010000
0111100010111111111100000001110000000110000000110000000110000000111000000111000000111000000011100000
0011111100001111111000000001000000001100000001100000000110000000011000000011000000001100000001100000
0000100100001111110000000001000000001100000000110000000010000000011000000001100000001100000000110000
0011111110001111111000000001100000001100000001100000000110000000110000000011000000111000000011000000
0000000111000000011100000000000000000001000000001100000001100000001100000011000000011000000110000000
0000111111000011111100000000110000000010000000011000000110000000110000000110000000110000001110000000
0010110100001111110000000011000000001100000000110000000011000000011100000001100000000110000000011000
0011110100001111111100000011100000001100000001100000001100000001110000001100000001100000001100000000
0000011111000111111100000110110000001110000000110000000110000001100000001110000000110000000110000000
0000000010000011111000001111100000001100000000100000000100000000110000000110000000110000000010000000
0000001100000111111000000011000000001100000001110000000100000000110000000111000000111000000011000000
0011100000001111111000011111100000001100000001100000000100000000110000001110000000110000000010000000
0000000010001111111101111111110000000110000000110000000110000000110000000110000000110000000111000000
0011111100001111110000000011000000001100000001110000000010000000001000000000100000000110000000011000
0000000000001111110000111011000000001100000001100000001110000000110000000111000000011100000001000000
0000111111000111111100000000100000000100000000110000000110000000110000000110000000110000000110000000
1111110000111111100001000011000000000100000000010000000001100000000110000000011100000000110000000011
0111111100011111110000000001100000000110000000011000000001100000000011000000001000000000110000000011
0011111100001111110000000011000000001100000000110000000010000000011000000001100000000110000000111000
0011000000011111000001100110000011011000000111101000011011100011000111000110001100001111110000011110
0000100000000111100000110010000011001000000111100000001100000001111000000100110000011011000000111100
0001100000000111100000010010000001011000000111100000011110000011001100000100110000011011000000111100
0111000000011011000001100100000011111000000111100000011111000001100110000110001100001110110000111111
0011000000111110000001001100000011010000000111000000011111000001100110000011001100000110110000001111
0000001110000001001100001001110000111110000011110000111111000110001100111000100011100110000111110000
1111000000111111000001100110000011101100000011110000001111100000110001000001100000000011100000000111
0001110000001111100000110011000011111000000111100000111011000011000110001100011000011011100001111110
0000000100000011111000001100110001110110000111110000011111000011001110001000110001100010000011111000
0000010000000011100000011011000001001100000110110000001110000001111000000110110000011011000001111000
0000000000000111111000111001100001100110000111110000111111000011000110011000011001111011000011111100
0000111000000111110000110011100001101110000011110000111111100111001110001100011000111111100001111100
0001110000000011000000011100000011110000001101100000110110000010011100001111110000010011000000001100
0001110000001111100001110011000011001100000110110000001110000001111110000111001100001111110000111111
0001100000001111100001100110000011001100001110110000001110000001101100000100011000011001100000111110
0000000001000000011100000011000000011001000011111100000111000001111100011000110001100100001111100000
0011000000011111000001100110000111011100001111110000011110000001101110000100011100011000110000111110
0011000000011111000001100110000111011000000111100000011110000011101110001100011000011000100000111110
0000000110000001111000001101100000100110000110110000001110000011111000001001100001100100000111100000
0001100000011111100001100011000111011100001111100000011111000011000110001100011000111001100001111110
0000001100000011111000011001100001100110000110110000011111000011111000011001100001100110000011110000
0000000011000011111100001100110000110111000011110000111111100011001100111000110011100110001111110000
0011100000011111000000100110000011011000000111100000001110000001101100000110001000001100100000011110
0111000000111111000011100110000110011000000111110000011111000011101111000110001100011100110000011111
1111000000111110000011000110000110011000011111100000001110000001111110000110001100001100110000011111
0011000000001111000000100110000011011000000111000000111110000011000110000100011000011101100000111110
0000110000001111100000110010000011011000000111100000111111000011001100001100011000111011000001111100
0000011100000011111000011001100001101110000111110000011110000011011000001000100000100010000011111000
0000100000000111100000011011000011001100000111110000011110000011001100001100011000111011100001111100
0001110000000111110000110011000011001100000111100000011110000011001100001100110000110011000001111100
0000111000000111100000010010000001101000000011100000011110000001000100000110110000001110000000011000
0000011000000011111000011001100001101110000111110000011111000011001110011000111001110011000011111000
0000000001000000001100000011100000011011000011111100001111100011101110011000110001000110001111110000
0000000001000000011100000011000000011011000001111000001111100011000110011000110001101100001111100000
0111000000111111000011111100000011111000011111100001110001100011110011000111011100001111110000000110
0001111000001101100000110011000011111000000111100000111111000011001100011100111000111111000001111000
0000000111000000110100000110110000011110000011110000011011000011001100011000100001101100001111100000
0000000111000001111100001100110000110110000011110000011111000011001100011000110011100110000111110000
0000001100000011011000011001100000111100000111100000110011000110001100011100100000111110000011100000
0000011001000111111100110011000011001100001101100000011100000111110000011001100001001100000111110000
0000001110000011111100011000110011110011001111111100011111000111101110111000011111100111000111111000
0011100000001111000001100110000011011000000111100000011110000001101100000110011000011001100000111100
0000011110000011011000011001100001111110000011110000111011100011000110011000110001111111000011111000
0000000000000000111100000111100000110110000011110000001110000011011000011001100001111000000100000000
0000111100000111111100111000110011100111000111111000011111100111100111111000001101110001110011111110
0000111000000111111000111001100001101110000111110000101111000011001110001110011001110001100011111100
0000011100000111111000111001100011001110001111110000011110000011001100011000111001100011000111111000
0000111111000111111100011000110001101110000111110000011111000111001100011000110011100110000111110000
0000000001000000011100000110000000111001000001111100001111100011111111111000011011100011001111111000
0001110000000111100000110010000001011000000111100000011110000011001100001100110000110011000001111000
0001100000001111000000110110000001011000000011100000011110000001001100000100010000011011000000111100
0000110000000111110000110011000011001100000110110000011110000001101100001100010000110011000001111000
1110000000111110000011001100000110011000001111100000001110000001111110000010001100000110110000001111
0001000000001111000001110110000110011000001111100000011110000011001100001100011000010001100000111100
0000000110000000111000000101100000111100000011100000011110000011001000011001100001101100000111100000
0000001010000001111000001100100000110110000011110000001111000011000110011100110000111111000001111000
0000000011000000111100000110010000011111000011111000111111100110001100111001110011111100000111000000
0001100000001111000000110110000001111000000011100000011011000001100110001110011000001111100000011110
0011100000111111100001100011000011001100001111100000011111000011100111001100001100011001110000111111
0000011111000001101100001100110000111110000011111000111001100111000110011000011001110111100111111100
0000110000001111110000110011000011001100001111110000011110000011001100001100011000110011100011111100
0001111100000011111000011001110001111101000111100000111111000011001100011000110001110010000011111000
0001111100001110111000110111100011111110000111100000111111100110000110011000011001110001100011111100
0000011100000011010000001001100000111100000011100000011011000011001100001100110000110111000011111000
0001100000001111000000110110000011111000000111000000110110000011001110001100110000011111000001111000
0000001100000011111100011100110001100111000111111000111111000111011100011000110011100111000111111000
0000000011000000111100000110000000110001000011111100001111100011100110011000011001100011001111111000
0000000111000001111100001100110000110110000011110000011111000011001110011000110011100110000111110000
0000001111000011111100011001110001100110000011111000111111000111001110110000111011101110001111110000
0000000110000001111000001100100000100110000011110000011110000011001100011000110001100110000111110000
0000001110000011111000001000100000110110000011110000001111000111001100011110110001101110000111111000
0000100000000111100000111110000011001100001100110000011110000001111000000110010000010011000001111100
0000111000000111110000011011000001100100000110110000001110000001111100001100010000110001000001111100
0001100000011111000000110010000011001100000110110000001111000000111100000011001000001100110000011111
0001100000001111000001100110000011011000001101100000011110000001111000000100110000011001000000111100
0000000111000000101100000101110000111100000011110000011111000110001100011001100011111100001111100000
0000000111000001101100001100110000111101000011110000111111000011001100011000110001101110001111110000
0001000000000111000000110110000011011000000111100000011100000011011000001100110000010011000001111000
0000110000001111100000110110000011011000000111000000011110000011001100001100110000011111000000111100
0001100000001111100000110110000011011000000111100000011110000011001100001100010000111011100001111100
0111000000011111000011100110000011011000000111110000011111000001100110000110001100001100110000011111
0000011100000111111000011000110001110110000011110000111111100111000110011000011001111011100011111100
0000011100000011011000001001100000101100000011100000011111000011001100001000110000110110000011111000
0000100000001111100000110110000011001100000100110000001110000001111100000110111000011001100000111100
0001100000001111000000100110000011011000000111100000011111000001100110000110011000001101100000111100
0000100000000111000000010110000001011000000111100000001110000001101100000100010000001011000000111100
0000000111000001111100001100110000110011000011111000011110000011011100011000100011001110001111100000
0001000000011111000001100110000010011000001111100000001110000001111110000110001000001100100000011110
0000111000000010110000011001000000111100000011100000011011000011000100001100010000011111000000111000
0001110000001111100001110010000011001000000111110000001111000001111110000110011000001000100000011110
0001110000001111100000110111000011001100001100010000011111100000111110000000011000011001100000111100
0000011110000011111000001101100001100110001100011000110111100001111100000001100001100100000011110000
0010000000011110000001100100000110001000001100110000011111100000011110000000011000001100110000001111
0000110000001111100000110011000011001100001100110000011111000001111100000000010000010011000001111100
0000000000000000011100000111110000110011000110011000011111000000101100010001100001111100000111000000
0000000000000000011100000011000000111000000011000100011111110001111110010000110011001100001111100000
0000000110000001111100001100110011100010000110011000111111000001101100010001100001101100000111100000
0011100000011111000000100110000010001100001100111000011111100000011110000010011000001101100000011110
0001100000001111100000100111000110001100001100111000011111100000000110001110111000011111100000111100
0000001100000011111000001101100001100110000100011000011111100001111100000000110001100110000011110000
0011100000011111000001100110000110001100001100010000111001100000111110000001011000001100100000011110
0000000000000001100000001111000001100110001110011000011111000001111100000000110000110010000001111000
0000000110000001111000001100100001100010000110011000011011000001111000000001100000101100000111000000
0110000000111110000001000100000110001000001111110000011111000000000110000011001000000111110000000110
0001000000001111000000100100000010011000001100110000011111000000111110000000011000001101100000111110
0000001110000011111100011100110001100011001100011101110011100011111100000101100011001100001111100000
0000010000000001111000001111110001100111001100011100110001100011111100000110110001100110000111110000
0000011100000010011000011001100001100110000111111000011111100000001110001100110000111111000001110000
0000110000000111100000011011000011001100000110010000011111000000111100000000010000011011000000111000
0000110000000111100000110011000011001100001100110000011111000001111100000100110000011011000001111000
0000000100000001111000001101100000100010000110011000011111000000101100001000100000101100000011110000
0000011100000011111000011001100001000110001110110000011111000000101000001001100000111100000011100000
0000001100000111111000011001100001000110000100010000011111000000101000001001100000111100000011100000
0111000000111111000011000110000110001100001111110000001111100000000010000110001100001111110000001111
0011000000011111000001100111000110001100001100011000011111110001111111000010001100001101110000011111
0000001000000111110000111011000011000110001100011000011011100001111110000000011000110011000001111100
0000111000000111110000110001100011000110001100011000111111100001111110000000110000110111000011111000
0000110000001111100000110111000011001100001100110000110001100001111100000011110000000011000000111000
0000011000000111110000011011100011000110001100011000110011000011111100000010100000100110000011110000
0000011100000111111000110001100011000110001100011000111111100000000110011000111001110111000011111000
0011100000011011100001100011000011000110000111111000000110100001100011000011001100000111110000001110
0000110000000111100000110011000011001100001100110000011111000000111100001000110000110110000001111000
0000000111000001111100001100110001100011000110011000011111000001111100010001100011011100001111100000
0010000000001111100000110111000011001100001100010000011111100000010110000110011000001111100000001000
0000100000001111100001110010000011001100001100110000011111100000010110000110011000001111100000111100
0001110000000111100000110010000011001100001100110000110011000001111100000000110000011010000000111000
0000111000000111100000010011000001001100000101110000011111000000001100001100100000011110000001110000
0000100000001111110001110011000110000110011000011000110011100011111110000000011000110011000001111000
0000011100000011111000011101100001100110000110111000011111100000000100001100110000110111000011111000
0000100000000111000000011110000001001000000100100000011111000000111100000000110000011011000000111000
0000001110000011111000011001100011000110001100111000111111000001001100011001100001111100000111110000
0001111000001111110000110011000110001110001100011000111111100000111110000000011000110011000001111100
0000110000001111110000110011000011000110001100011000111111100001111110000001110000110011000001111100
0000010000000111110000010001100011000110001100011000111111100000111110001000110000110111000011111000
0000001000000001111000001101110011100010001100011001111111000001111100011001100001111100000111100000
0000110000000111100000010011000011001100001100110000010010000001111000000001100000110110000001110000
0011100000011111000001100110000110001100001100110000111111100000111110000000001000001100100000011110
0000011000000111111000110001100011000110001100011000011111100000000110001100110000111111000001111000
0000011000000011111000011001100001100110000100011000011111000000111100000000110000110110000011110000
0000110000000111110000111011000011000100001100010000010001000001111100000001110000010011000001111000
0000111000000111110000110001000001000100000110110000011111000000000100000100110000011011000000111100
0011000000011111000001100110000110001000001100110000011111000000111100000110011000001101100000011100
0011100000011111100001100110000010001100001100110000011011000001111110000000011000011001100001111100
0000100000000111000000110010000011001100000100010000011111000000111100000000010000001011000000111000
0000011000000111111000111001100011000110001100001000011111100000110110000000111000110111100011111000
0000000111000000111100000110010001100010000110011000011111000001111000010001000011011000001111100000
0001110000001111100000111010000011001100000110110000001111000000000100000010010000001111000000001100
0000000000000111110000111001100011000110001100111000111011100011111110001000110000111011000011111000
0110000000111111000011000110000110001100001100111000011111100000011011000011001100001110110000011111
0000001000000001110000001101000000100100000110010000001111000000101000000001100000100100000011110000
0000110000000111100000010010000011001000000100110000011111000001111100000000110000011011000000111000
0001100000001111100000110010000011001100001100010000111011100000111110000000011000011001100000111100
0000010000000111100000111010000001100100000110010000001111000000011100000010010000001111000000011100
0000010000001111100001110111000110000110011100011000110011110001111111000000001100111001100001111110
0000000111000001101100001100110001100011000111111000011111100000001100011001100001101110001111110000
0000000111000001111100001110010000111011000011111100011111100111000111111000011011100011101111111100
0111000000111110000011001100000110011000001000110000111011000000111110000010001000001100110000011111
0001110000001111110001110011100110000110001100011000111011100001111110000000011000111011100000111100
0011000000011110000001101100000010001000001100110000011011000001111110000000111000000100100000011110
0000011000001111110000110011000110001100001100111000111111100001111110000000110000100111000011111000
0000010000000111110000011011100011000110001000011000110111100011111100000010110001100110000111111000
0000011100001111111100110001110011000111011100011100111111100001111110110000110001100110000111110000
0000110000000011100000011010000001101100000010110000011111000000111100000000110000001011000000111000
0000110000000111100000010110000011001000000100110000011111000000111100000100100000001011000000111000
0000111010001111111000110001110110000111011000001100111111110001110111000000011001110111100011111100
0011100000001111100001100001000011000110001110111000111111100000000110001100011000111111100001111110
0000001110000011011100011000110011100011001110011100011111110000000110011000111011101111000111111000
0000001110000011111000001001100001100110001100011000111111000001111100000001100001101100000111100000
1111000000111110000001000110000110001100001100011000011101110000011111000000000100000011010000000111
0000011000000111110000011001100011100110001100011000011111100000111110001000111000110111000011111000
0000000000000000001100001101100000011000000001100100001111110000010110011000110001101110001111100000
0000000001000000011100000011000000011000000011010100011111110000001110010000110011111110001111110000
0001111100011111111001110001100110000110011100011001111111100001111110001000011001110011000011111100
0001111000001111111000110001100011000110001100011000111111100001110110001000111001110111000011111110
0000000010000000111100000111110000110011000110011000010001000011111100000111100001000100000111100000
